					
10/31/18	6	7	16	26	44	45						
10/27/18	1	7	9	22	26	30						
10/24/18	4	27	29	31	41	43						
10/20/18	3	13	14	30	35	46						
10/17/18	4	8	40	41	44	48
10/13/18	12	14	20	26	32	52						
10/10/18	16	23	24	26	27	28						
10/06/18	15	22	34	40	42	47
10/03/18	11	12	31	35	37	45						
09/29/18	24	31	33	42	49	51
09/26/18	2	8	9	25	35	53						
09/22/18	12	13	14	25	28	36						
09/19/18	5	14	17	21	23	53						
09/15/18	4	5	35	40	46	53						
09/12/18	4	16	31	33	46	50
09/08/18	20	21	22	35	45	53						
09/05/18	8	9	13	18	20	46						
09/01/18	20	23	24	41	47	51						
08/29/18	15	20	23	36	38	44						
08/25/18	1	3	19	22	33	37
08/22/18	7	9	22	45	47	52						
08/18/18	11	14	38	43	51	52						
08/15/18	2	17	27	32	33	52						
08/11/18	5	9	31	39	42	51						
08/08/18	3	4	11	17	25	45						
08/04/18	7	16	31	35	37	53
08/01/18	18	35	38	40	46	53						
07/28/18	14	28	35	36	44	50						
07/25/18	11	12	14	22	32	36						
07/21/18	6	12	20	26	27	34						
07/18/18	10	20	36	44	46	53
07/14/18	1	19	34	48	49	52						
07/11/18	1	19	29	43	49	52						
07/07/18	7	14	16	19	22	35						
06/30/18	13	24	28	32	37	47						
06/27/18	3	21	28	38	42	52						
06/23/18	10	15	16	19	47	52						
06/20/18	12	15	26	32	34	46						
06/16/18	4	7	22	24	26	27
06/13/18	6	15	21	26	44	50						
06/09/18	17	20	26	44	47	50						
06/06/18	19	21	38	43	47	48						
06/02/18	15	20	21	23	28	52						
05/30/18	2	41	46	48	50	52
05/26/18	4	8	9	42	46	53						
05/23/18	5	9	18	24	25	27						
05/19/18	4	12	14	19	21	51						
05/16/18	1	11	17	42	45	49						
05/12/18	10	16	20	28	40	42
05/09/18	6	19	22	23	25	28						
05/05/18	9	21	37	38	39	47						
05/02/18	29	32	38	42	44	49						
04/28/18	14	16	17	19	25	35						
04/25/18	13	19	20	23	32	43						
04/21/18	16	26	30	32	36	45
04/18/18	1	4	13	27	35	45						
04/14/18	4	8	26	27	28	50						
04/11/18	3	4	7	22	43	51						
04/07/18	10	23	30	36	40	42						
04/04/18	1	5	11	12	25	48
03/31/18	5	12	20	22	39	46						
03/28/18	6	9	16	29	33	52						
03/24/18	17	26	30	40	45	49						
03/21/18	2	6	8	22	35	52						
03/17/18	5	23	24	34	36	41
03/14/18	11	16	21	27	30	31						
03/10/18	7	15	18	30	47	51						
03/07/18	1	6	41	49	50	51						
03/03/18	1	16	18	32	40	48						
02/28/18	1	7	9	10	21	48
02/24/18	4	14	22	30	44	48						
02/21/18	3	15	24	27	37	50						
02/17/18	3	28	31	38	39	51						
02/14/18	1	2	14	26	32	38						
02/10/18	5	7	26	30	37	46						
02/07/18	11	19	24	43	48	49
02/03/18	16	19	21	37	50	51				
01/31/18	15	21	32	40	41	46				
01/27/18	10	27	28	30	45	51				
01/24/18	4	17	20	21	26	39				
01/20/18	10	12	20	29	38	49
01/17/18	1	15	16	24	33	52					
01/13/18	1	8	22	24	27	50
01/10/18	5	19	20	24	27	51
*/